000001001
000001006
000001005
000001008
000001002
000001004
000001007
000001003
000001011
000001014
000001016
000001012
000001009
000001010
000001015
000001013
000001020
000001024
000001017
000001023
000001019
000001021
000001022
000001018
000001030
000001029
000001031
000001027
000001028
000001032
000001026
000001025
000001040
000001035
000001036
000001037
000001034
000001039
000001038
000001033
000001043
000001044
000001046
000001047
000001041
000001042
000001045
000001048
000001050
000001052
000001049
000001056
000001051
000001053
000001054
000001055
000001062
000001061
000001058
000001060
000001063
000001059
000001064
000001057
000001066
000001072
000001065
000001067
000001069
000001071
000001070
000001068
000001077
000001080
000001078
000001079
000001073
000001074
000001076
000001075
000001082
000001083
000001084
000001088
000001087
000001085
000001086
000001081
000001090
000001092
000001095
000001096
000001093
000001091
000001094
000001089
000001100
000001101
000001104
000001097
000001098
000001099
000001102
000001103
000001107
000001112
000001109
000001108
000001105
000001106
000001110
000001111
000001116
000001119
000001120
000001115
000001113
000001117
000001118
000001114
000001124
000001126
000001127
000001121
000001123
000001128
000001122
000001130
000001134
000001135
000001132
000001131
000001129
000001133
000001136
000001142
000001140
000001143
000001144
000001137
000001138
000001139
000001141
000001150
000001151
000001146
000001152
000001145
000001149
000001147
000001148
000001125
000001155
000001157
000001153
000001156
000001154
000001158
000001160
000001159
000001161
000001163
000001164
000001162
000001166
000001165
000001167
000001168
000001169
000001174
000001175
000001176
000001170
000001173
000001171
000001172
000001183
000001178
000001179
000001180
000001177
000001181
000001182
000001184
000001189
000001186
000001187
000001191
000001192
000001185
000001190
000001188
000001193
000001195
000001199
000001200
000001194
000001196
000001197
000001198
000001202
000001201
000001207
000001206
000001204
000001205
000001208
000001203
000001215
000001212
000001216
000001209
000001210
000001214
000001211
000001213
000001220
000001218
000001217
000001224
000001221
000001222
000001223
000001219
000001232
000001225
000001228
000001226
000001229
000001230
000001231
000001227
000001233
000001234
000001235
000001236
000001237
000001238
000001239
000001240
