000001003
000001004
000001002
000001005
000001006
000001007
000001008
000001001
000001010
000001012
000001013
000001009
000001011
000001014
000001015
000001016
000001019
000001018
000001022
000001021
000001023
000001017
000001020
000001024
000001027
000001031
000001025
000001028
000001030
000001026
000001029
000001032
000001039
000001035
000001038
000001033
000001036
000001040
000001034
000001037
000001044
000001041
000001042
000001046
000001043
000001045
000001047
000001048
000001056
000001049
000001051
000001050
000001052
000001053
000001054
000001055
000001059
000001064
000001060
000001063
000001057
000001058
000001061
000001062
000001066
000001068
000001069
000001067
000001072
000001065
000001071
000001070
000001073
000001074
000001075
000001077
000001076
000001078
000001079
000001080
000001082
000001086
000001088
000001084
000001087
000001081
000001083
000001085
000001089
000001090
000001095
000001091
000001094
000001096
000001092
000001093
000001101
000001103
000001104
000001097
000001102
000001098
000001100
000001099
000001105
000001111
000001106
000001107
000001110
000001112
000001108
000001109
000001114
000001117
000001120
000001113
000001115
000001118
000001116
000001119
000001121
000001123
000001128
000001122
000001124
000001126
000001125
000001127
000001135
000001132
000001136
000001130
000001129
000001133
000001134
000001131
000001146
000001137
000001139
000001140
000001138
000001141
000001144
000001142
000001142
000001143
000001150
000001151
000001145
000001149
000001152
000001147
000001148
000001156
000001159
000001153
000001157
000001158
000001154
000001155
000001160
000001166
000001164
000001168
000001162
000001165
000001161
000001163
000001167
000001172
000001176
000001175
000001169
000001170
000001174
000001171
000001173
000001177
000001180
000001182
000001183
000001184
000001178
000001179
000001181
000001187
000001186
000001190
000001185
000001188
000001189
000001191
000001192
000001193
000001197
000001196
000001198
000001199
000001200
000001194
000001195
000001207
000001203
000001206
000001208
000001202
000001205
000001201
000001204
000001214
000001213
000001210
000001216
000001209
000001211
000001212
000001215
000001217
000001221
000001222
000001224
000001218
000001219
000001220
000001223
000001225
000001226
000001227
000001228
000001229
000001230
000001231
000001232
000001233
000001234
000001235
000001236
000001237
000001238
000001239
000001240
