000201001
000201006
000201004
000201003
000201005
000201002
000201009
000201008
000201011
000201010
000201012
000201007
000201014
000201017
000201018
000201015
000201016
000201013
000201022
000201023
000201024
000201020
000201021
000201019
000201025
000201029
000201030
000201028
000201026
000201027
000201034
000201036
000201035
000201031
000201033
000201032
000201037
000201038
000201039
000201040
000201042
000201041
000201050
000201046
000201043
000201045
000201044
000201048
000201047
000201054
000201053
000201052
000201049
000201051
000201060
000201055
000201057
000201058
000201056
000201059
000201064
000201066
000201061
000201065
000201062
000201063
000201068
000201071
000201069
000201067
000201070
000201072
000201076
000201074
000201073
000201078
000201075
000201079
000201081
000201082
000201083
000201084
000201080
000201088
000201085
000201089
000201087
000201086
000201090
000201093
000201091
000201092
000201096
000201094
000201095
000201100
000201101
000201098
000201102
000201097
000201077
000201099
000201106
000201103
000201108
000201104
000201105
000201107
000201111
000201109
000201110
000201114
000201112
000201113
000201118
000201116
000201120
000201117
000201115
000201119
000201121
000201123
000201126
000201122
000201125
000201124
000201127
000201128
000201129
000201130
000201131
000201132
