000012003
000012002
000012001
000012004
000012006
000012005
000012007
000012011
000012012
000012013
000012008
000012009
000012014
000012010
000012016
000012018
000012021
000012015
000012017
000012019
000012020
000012022
000012028
000012025
000012026
000012027
000012024
000012023
000012030
000012032
000012031
000012029
000012033
000012034
000012035
000012042
000012036
000012039
000012040
000012038
000012041
000012037
000012044
000012045
000012043
000012047
000012048
000012046
000012049
000012054
000012051
000012055
000012050
000012052
000012053
000012056
000012062
000012057
000012063
000012059
000012060
000012058
000012061
000012068
000012064
000012067
000012065
000012069
000012070
000012066
000012074
000012075
000012071
000012076
000012077
000012072
000012073
000012080
000012081
000012082
000012079
000012084
000012078
000012083
000012086
000012087
000012090
000012085
000012088
000012089
000012091
000012092
000012093
000012094
000012097
000012098
000012096
000012095
000012101
000012105
000012102
000012104
000012099
000012100
000012103
000012106
000012110
000012108
000012112
000012109
000012107
000012111
000012115
000012116
000012117
000012113
000012114
000012118
000012119
000012120
000012123
000012121
000012125
000012126
000012122
000012124
000012130
000012131
000012127
000012129
000012132
000012128
000012133
000012137
000012138
000012140
000012135
000012134
000012136
000012139
000012142
000012141
000012147
000012143
000012144
000012146
000012145
000012149
000012151
000012152
000012148
000012150
000012153
000012154
000012158
000012156
000012155
000012157
000012159
000012161
000012160
000012162
000012163
000012165
000012166
000012167
000012164
000012168
000012170
000012172
000012173
000012174
000012171
000012169
000012175
000012176
000012177
000012178
000012179
000012180
000012181
000012182
