000011005
000011003
000011004
000011001
000011002
000011006
000011007
000011009
000011008
000011010
000011011
000011014
000011012
000011013
000011015
000011017
000011020
000011016
000011021
000011019
000011018
000011022
000011023
000011024
000011026
000011028
000011025
000011027
000011030
000011033
000011031
000011034
000011032
000011029
000011035
000011041
000011037
000011042
000011036
000011038
000011040
000011039
000011043
000011048
000011044
000011046
000011047
000011049
000011045
000011054
000011052
000011053
000011051
000011055
000011056
000011050
000011058
000011060
000011063
000011057
000011059
000011061
000011062
000011064
000011067
000011070
000011069
000011066
000011068
000011065
000011072
000011073
000011077
000011074
000011071
000011075
000011076
000011083
000011078
000011079
000011080
000011082
000011081
000011084
000011089
000011090
000011091
000011087
000011088
000011086
000011085
000011092
000011094
000011095
000011096
000011097
000011098
000011093
000011099
000011102
000011104
000011100
000011105
000011101
000011103
000011108
000011106
000011110
000011107
000011109
000011112
000011111
000011114
000011113
000011115
000011116
000011118
000011117
000011119
000011121
000011120
000011123
000011125
000011122
000011124
000011126
000011127
000011128
000011129
000011130
000011133
000011131
000011132
000011136
000011137
000011134
000011138
000011135
000011139
000011140
000011142
000011144
000011146
000011141
000011145
000011147
000011143
000011149
000011152
000011148
000011151
000011154
000011150
000011153
000011159
000011160
000011157
000011161
000011156
000011155
000011158
000011166
000011163
000011162
000011164
000011165
000011168
000011167
000011173
000011174
000011169
000011170
000011171
000011172
000011175
000011176
000011177
000011178
000011179
000011180
000011181
000011182
