000012002
000012006
000012007
000012004
000012005
000012001
000012003
000012010
000012009
000012013
000012012
000012014
000012008
000012011
000012020
000012021
000012016
000012017
000012018
000012015
000012019
000012025
000012023
000012024
000012027
000012026
000012028
000012022
000012031
000012035
000012034
000012032
000012029
000012030
000012033
000012037
000012039
000012041
000012040
000012042
000012038
000012036
000012047
000012043
000012045
000012049
000012046
000012048
000012044
000012054
000012052
000012053
000012055
000012056
000012051
000012050
000012057
000012059
000012060
000012061
000012062
000012063
000012058
000012065
000012067
000012069
000012070
000012064
000012066
000012068
000012073
000012075
000012076
000012072
000012077
000012071
000012074
000012079
000012082
000012083
000012084
000012080
000012078
000012081
000012091
000012086
000012087
000012089
000012090
000012085
000012088
000012097
000012092
000012094
000012095
000012096
000012098
000012093
000012103
000012099
000012102
000012105
000012100
000012101
000012104
000012108
000012112
000012109
000012110
000012111
000012106
000012107
000012113
000012114
000012115
000012117
000012119
000012118
000012116
000012123
000012124
000012122
000012126
000012120
000012121
000012125
000012131
000012127
000012128
000012129
000012132
000012133
000012130
000012137
000012138
000012136
000012140
000012139
000012134
000012135
000012145
000012141
000012142
000012143
000012144
000012147
000012146
000012151
000012149
000012152
000012150
000012148
000012153
000012154
000012156
000012160
000012155
000012157
000012158
000012161
000012159
000012163
000012164
000012165
000012167
000012168
000012166
000012162
000012172
000012173
000012170
000012174
000012175
000012169
000012171
000012176
000012177
000012178
000012179
000012180
000012181
000012182
