000206003
000206004
000206006
000206001
000206002
000206007
000206005
000206009
000206010
000206012
000206008
000206013
000206011
000206014
000206016
000206018
000206020
000206021
000206017
000206019
000206015
000206056
000206028
000206022
000206027
000206023
000206024
000206025
000206026
000206029
000206033
000206030
000206031
000206032
000206035
000206034
000206053
000206039
000206042
000206037
000206036
000206038
000206041
000206040
000206043
000206048
000206049
000206044
000206045
000206046
000206047
000206051
000206052
000206050
000206054
000206058
000206061
000206057
000206062
000206063
000206060
000206065
000206066
000206064
000206067
000206068
000206069
000206070
000206071
000206077
000206073
000206075
000206072
000206074
000206076
000206078
000206082
000206081
000206079
000206080
000206083
000206084
000206059
000206055
000206085
000206087
000206088
000206091
000206086
000206089
000206090
000206096
000206093
000206092
000206098
000206094
000206095
000206097
000206104
000206100
000206101
000206102
000206105
000206099
000206103
000206112
000206107
000206106
000206109
000206111
000206110
000206108
000206113
000206114
000206115
000206117
000206119
000206118
000206116
000206121
000206122
000206120
000206123
000206124
000206125
000206126
000206127
000206128
000206130
000206131
000206133
000206129
000206132
000206135
000206136
000206138
000206140
000206139
000206134
000206137
000206141
000206142
000206145
000206146
000206147
000206143
000206144
000206148
000206149
000206150
000206152
000206153
000206151
000206154
000206157
000206158
000206159
000206155
000206160
000206161
000206156
000206163
000206165
000206166
000206164
000206162
000206167
000206168
000206172
000206169
000206171
000206173
000206174
000206175
000206170
000206176
000206177
000206178
000206179
000206180
000206181
000206182
