000005003
000005008
000005006
000005004
000005005
000005007
000005001
000005002
000005009
000005015
000005011
000005014
000005013
000005016
000005012
000005010
000005019
000005022
000005024
000005020
000005021
000005023
000005017
000005018
000005027
000005031
000005030
000005025
000005028
000005029
000005032
000005026
000005038
000005040
000005035
000005037
000005039
000005036
000005033
000005034
000005042
000005047
000005048
000005043
000005046
000005044
000005041
000005045
000005049
000005050
000005052
000005053
000005054
000005055
000005056
000005051
000005062
000005058
000005057
000005059
000005061
000005063
000005060
000005064
000005066
000005067
000005070
000005065
000005069
000005068
000005072
000005071
000005073
000005078
000005079
000005077
000005075
000005076
000005080
000005074
000005081
000005082
000005085
000005086
000005083
000005087
000005088
000005084
000005090
000005092
000005094
000005095
000005096
000005093
000005089
000005091
000005100
000005097
000005099
000005102
000005104
000005101
000005098
000005103
000005111
000005105
000005108
000005106
000005107
000005112
000005109
000005110
000005114
000005115
000005116
000005118
000005120
000005117
000005119
000005125
000005128
000005124
000005121
000005122
000005123
000005127
000005126
000005129
000005130
000005134
000005135
000005133
000005131
000005136
000005132
000005113
000005137
000005139
000005141
000005142
000005138
000005140
000005143
000005144
000005148
000005150
000005145
000005151
000005152
000005147
000005149
000005146
000005154
000005156
000005157
000005159
000005158
000005155
000005153
000005160
000005161
000005168
000005167
000005163
000005165
000005166
000005162
000005164
000005174
000005173
000005175
000005170
000005176
000005171
000005172
000005169
000005177
000005179
000005184
000005182
000005180
000005178
000005181
000005183
000005186
000005189
000005187
000005188
000005191
000005190
000005192
000005185
000005198
000005200
000005195
000005196
000005199
000005193
000005194
000005197
000005205
000005208
000005203
000005206
000005202
000005201
000005207
000005204
000005215
000005211
000005213
000005209
000005212
000005214
000005216
000005210
000005217
000005220
000005221
000005222
000005223
000005219
000005224
000005218
000005230
000005226
000005228
000005232
000005225
000005229
000005231
000005227
000005233
000005234
000005235
000005236
000005237
000005238
000005239
000005240
